’555 EPISTULARUM Lfflvl. 1551. · · ¹QQO

. 5555555 555555 55555555 (5555 5555555 55 (555555 555555, 555555 5555555555 55555 555 555555, 555 55555555

5555 9555555 5555 . 5,55 55555 (5555555 55555555. 85555055 nun 55555 5555 ’
555555 55555555 555 eud) 555 55555 (55555555 5555 55 55555 555 555 5555555 555555, 5555555 555 555, 555555
55555, 55 55555555, 555 555555 55 55555555, 55555 55 555555 5555555555. 55555 555 5555555555 5555 5555555
555555 555 5555555555 (5555555 555 5555, 55555 555 55555555 555 55555 55555555 555555, 555 55 5555
555555 55 55 55 555· 55555555 55555555,555 5555, 555555555555555555555555, 5555555555
555 555555 55555555. 3555555, 5555555555 5,555“5 555 55 55555555 5555555, 5555555555555
555 5555, 555 555 (55555555 ’555555 555 5555 555555 5555, 5555. 55555555, 55 555555555555555555555555 5555,
5555555555, 555 55 555 55555 555 5555 (555555 555555, 55555 5 5 555) 5555 55555 5555555 5555555. 5555555555
555 555 555 555555 5 55555 555 55555 5555555555 555. Quat 555 55555 55555555, 55555555 55 5555555555, 555
Qennfo 5555555555 555 55555 55555 555 555555 5555 9u.vetfo19m 5555555555 555 555 5555555, 555 55
5555555 55555 55555555 55555, 55 55555 5555 5555555) 55555 5555555555 5555 555 55555555, 5555 55555555, 555
’5555555 55555555 55555, 555 5555555 555 55555 55555955 5555 555555. 55555 55 5555555555 555555555555555·
5555555555, 5555555555 55555555 5555555555 555555 5555555. 5555555555555555. 555 555 555
555555555555. - ’ , 55555555555555-5555555555555, ’5555555
5555 555555 55555555 5555555555555555555·5 ’55 5555555555 55555555 5555555 5555 5555555
5555555555, 555555 5555,’ 5555555555 5555555555, 5555 5555555555 55555555 5555555, 555 ’5555 5555555555
555 5551555555 5555 ue 555 55 5555555555 Q999919, 55555555 55555 555 5555555555· 555555, 55555· 5555 55
5555 555555555555555 555555, ’555555 5555 §Bes-9- 55555555) 555555555555555 555555 55555555 555 55555,
5555 555 55555 55555555, 5555555 555 55 5555555555 555, 555 55555 55 555555 55555555 55555555, 55555555 55
5555555 555, 55 5555555 ’5555555 5555555555 535555 5555 555555 5555555555, ,55555 555555 5555555555 5555 55,
5555. · ·‘ · 555. 555555 55 5555 5555 5555 555555 555 355555 55 555]
115555555555, 555 55555555 5555555555 (5555555555, 55555555555555555ῌ555 , .
555, 555 5555555555· 5555555555 (5555555555 55555555 555 55555 55 555555 5555555555 ’55555555
’5555555555 555555 5555555555555555555 555 555Ι 55555 bQQa'Qe 555555 5555555 555555,Ι 55555555,
555555, 555555555555555 5555555955 5555· ³ 5555 55555555 555 55 55555555 5 55555 5555 5559555,
ΙΙ5555 ·5·,55555 555 555 ,55555555 5555555555 5555 5555555555, 5555555 555· 5555555555555. ’5555555
5555 5555, 55 5555555555 55555. 55555555 Q 555 555 55555555 5555555 55555, 5555555 555 55555 55 55555555 55
’ 55555 555 55555555 555 5555555555 ’555 5555555 555555, 5555 55555555555555555 5555. 5555555ωι5Ὀ einer
555555555555,·· · · 555 5555 5555555555 555, 555555αῲ5555 55·,’55555

Qu 5555555555 555555555555555555 5555 55555 (5555555 5555555 55555 55555 55 55555555 55555555

555 5555 555 5555, item 555 55555555 5555 55 55555555 5555 555555 55555 5555 5555 5555555 55 5555555 55
5555555555 55555 99 5555555 555555 55555 555 55555 555 555559 5 5555555555 555 5,55555 ’555 555 55555Ι eine 55555555 5555
55955 5555555555 anmfinb, 5555555555 555, 555 555555 555 5555555555, 5555555555 ’555555

199) ganga- QQQQQQ¹ 5555, 5555 5 5 55555559, 55555 · ’55555555 5555 55555555 ,5 55555 555 5555555555, 55
5555 555 Qut 5555555555 39 Q Ῐῠῑῐ Qum 555555 55555 Qie'liffpemwfflzs, . , ,, ,, ‚i , Ι
8555555555,5555555555655555ΠῙῙ155ῩὶῦἺῙῙῘῙ8ῆίῗεῖ 55055 5555555555 “¹er¹ 55555555 eQidQ· QQQQQ, mu 'th-'¹
5555555555555555555555, 5555555. ,, Ι5 5555555 umbos 5555555555 ,

Δ ΙΙΙ .
, .
5
ψ, ι 't' θ’.. Ι ,“». ιι

 

